0.7672765 0.585366 0.989634 0.6640775 0.585366 
0.7672765 0.585366 0.989634 0.6640775 0.585366 
0.696070333333 0.455284333333 0.986382333333 0.549269333333 0.455284333333 
0.700542 0.544715333333 0.988618 0.612122 0.544715333333 
0.7748985 0.58536575 0.98963425 0.66610775 0.58536575 
0.8445125 0.75000025 0.99374975 0.7943005 0.75000025 
0.7402438 0.570732 0.989268 0.6435884 0.570732 
0.8560976 0.7414636 0.9935364 0.794205 0.7414636 
0.815718166667 0.6544715 0.991361833333 0.726002333333 0.6544715 
0.909891333333 0.8373985 0.995934833333 0.8720305 0.8373985 
0.797328714286 0.627177714286 0.990679428571 0.701767428571 0.627177714286 
0.894889714286 0.804878142857 0.995121857143 0.847358285714 0.804878142857 
0.801829375 0.6463415 0.9911585 0.71516075 0.6463415 
0.90955275 0.835366 0.995884 0.87073075 0.835366 
0.823261 0.666666666667 0.991666666667 0.735787888889 0.666666666667 
0.926829333333 0.859078555556 0.996477 0.891401333333 0.859078555556 
0.8162601 0.6756098 0.9918902 0.7388661 0.6756098 
0.9227642 0.8585366 0.9964634 0.8893298 0.8585366 
