0.8373985 0.707317 0.992683 0.766773 0.707317 
0.8373985 0.707317 0.992683 0.766773 0.707317 
0.783875333333 0.569106 0.989227333333 0.659363666667 0.569106 
0.823848333333 0.715447333333 0.992886 0.765621666667 0.715447333333 
0.865854 0.7439025 0.9935975 0.8002315 0.7439025 
0.9207315 0.8597565 0.9964935 0.8891775 0.8597565 
0.845935 0.7170734 0.9929266 0.7752758 0.7170734 
0.9292684 0.8682928 0.9967072 0.897577 0.8682928 
0.849932333333 0.7357725 0.993394166667 0.788656 0.7357725 
0.941057166667 0.898374 0.997459333333 0.919014166667 0.898374 
0.859465857143 0.759582 0.993989428571 0.806264142857 0.759582 
0.958769 0.919860714286 0.997996428571 0.938808428571 0.919860714286 
0.852134125 0.762195375 0.994054625 0.80446875 0.762195375 
0.966463375 0.92987825 0.99824675 0.947607 0.92987825 
0.867208666667 0.761517777778 0.994037777778 0.810546777778 0.761517777778 
0.976965 0.956639888889 0.998915666667 0.966668333333 0.956639888889 
0.8930894 0.795122 0.994878 0.8410166 0.795122 
0.9792684 0.9609759 0.9990241 0.9700162 0.9609759 
