0.3242358 0.12682914 0.9781708 0.1802578 0.12682914 
0.243496 0.11219498 0.977805 0.1531102 0.11219498 
0.5169224 0.3682926 0.9842074 0.4294586 0.3682926 
0.519187 0.4170732 0.9854268 0.4614718 0.4170732 
0.6822766 0.5536584 0.9888416 0.6111962 0.5536584 
0.7882114 0.7146342 0.9928658 0.7490982 0.7146342 
0.7285484 0.609756 0.990244 0.663665 0.609756 
0.8591872 0.807317 0.995183 0.8323292 0.807317 
0.7711498 0.6585366 0.9914634 0.7102854 0.6585366 
0.8739838 0.8390244 0.9959756 0.8561364 0.8390244 
0.776179 0.682927 0.992073 0.7265652 0.682927 
0.9333332 0.907317 0.997683 0.9201362 0.907317 
0.7901628 0.712195 0.992805 0.749039 0.712195 
0.9536586 0.9317076 0.9982924 0.9425334 0.9317076 
0.8004878 0.721951 0.993049 0.7591086 0.721951 
0.9487806 0.9268296 0.9981704 0.9376584 0.9268296 
0.8360162 0.7560974 0.9939026 0.7938706 0.7560974 
0.9642278 0.9512196 0.9987804 0.9576728 0.9512196 
0.882683 0.802439 0.995061 0.8405722 0.802439 
0.9691058 0.9560976 0.9989024 0.9625456 0.9560976 
0.8658538 0.797561 0.994939 0.8302432 0.797561 
0.974797 0.9634146 0.9990854 0.969059 0.9634146 
0.8692682 0.8024392 0.9950608 0.8344274 0.8024392 
0.978049 0.9658538 0.9991462 0.9718988 0.9658538 
0.8725206 0.812195 0.995305 0.8412606 0.812195 
0.980488 0.970732 0.999268 0.9755808 0.970732 
0.8619514 0.804878 0.995122 0.832379 0.804878 
0.982114 0.973171 0.999329 0.9776176 0.973171 
0.8733334 0.817073 0.995427 0.8442318 0.817073 
0.978862 0.968293 0.999207 0.973544 0.968293 
0.875935 0.8317074 0.9957926 0.8531992 0.8317074 
0.978862 0.968293 0.999207 0.9735458 0.968293 
0.8771546 0.8292682 0.9957318 0.852517 0.8292682 
0.978862 0.968293 0.999207 0.9735476 0.968293 
0.8803254 0.8317072 0.9957928 0.8553066 0.8317072 
0.979675 0.970732 0.999268 0.9751804 0.970732 
0.8892682 0.8414634 0.9960366 0.8646918 0.8414634 
0.979675 0.968293 0.999207 0.9739446 0.968293 
0.8925204 0.8439024 0.9960976 0.8675142 0.8439024 
0.981301 0.970732 0.999268 0.9759796 0.970732 
0.8960976 0.8439024 0.9960976 0.8692014 0.8439024 
0.981301 0.970732 0.999268 0.9759796 0.970732 
0.895447 0.8439024 0.9960976 0.8688722 0.8439024 
0.982927 0.973171 0.999329 0.9780146 0.973171 
0.8962602 0.8439024 0.9960976 0.8692684 0.8439024 
0.982927 0.973171 0.999329 0.9780146 0.973171 
0.9043902 0.8536586 0.9963414 0.8782688 0.8536586 
0.982927 0.973171 0.999329 0.9780146 0.973171 
0.9035772 0.8512194 0.9962806 0.8765836 0.8512194 
0.982927 0.973171 0.999329 0.9780146 0.973171 
0.902439 0.8487806 0.9962194 0.8747554 0.8487806 
0.982927 0.973171 0.999329 0.9780146 0.973171 
0.904065 0.8536586 0.9963414 0.878115 0.8536586 
0.982927 0.973171 0.999329 0.9780146 0.973171 
0.9060162 0.8560976 0.9964024 0.8803276 0.8560976 
0.982927 0.973171 0.999329 0.9780146 0.973171 
0.9087804 0.8585366 0.9964634 0.882911 0.8585366 
0.982927 0.973171 0.999329 0.9780146 0.973171 
0.9125202 0.8585366 0.9964634 0.884664 0.8585366 
0.982927 0.973171 0.999329 0.9780146 0.973171 
0.9149594 0.8634146 0.9965854 0.8883372 0.8634146 
0.984553 0.97561 0.99939 0.9800496 0.97561 
0.9157724 0.8634146 0.9965854 0.8886974 0.8634146 
0.984553 0.97561 0.99939 0.9800496 0.97561 
0.9173984 0.8658536 0.9966464 0.8907518 0.8658536 
0.986179 0.978049 0.999451 0.982083 0.978049 
0.9255284 0.8780488 0.9969512 0.9010802 0.8780488 
0.986179 0.978049 0.999451 0.982083 0.978049 
0.9222764 0.8756096 0.9968904 0.8982558 0.8756096 
0.984553 0.97561 0.99939 0.980048 0.97561 
0.9198374 0.8731708 0.9968292 0.8958512 0.8731708 
0.984553 0.97561 0.99939 0.980048 0.97561 
0.9234146 0.8804878 0.9970122 0.9014168 0.8804878 
0.986179 0.978049 0.999451 0.982083 0.978049 
0.9242276 0.8780488 0.9969512 0.900501 0.8780488 
0.986179 0.978049 0.999451 0.982083 0.978049 
0.9242276 0.878049 0.996951 0.9005146 0.878049 
0.986179 0.978049 0.999451 0.982083 0.978049 
0.9193496 0.8731708 0.9968292 0.8956254 0.8731708 
0.986179 0.978049 0.999451 0.982083 0.978049 
0.9157722 0.8682928 0.9967072 0.8913812 0.8682928 
0.986179 0.978049 0.999451 0.982083 0.978049 
0.9125202 0.8682928 0.9967072 0.8898462 0.8682928 
0.984553 0.97561 0.99939 0.980048 0.97561 
0.9157722 0.8707318 0.9967682 0.892666 0.8707318 
0.984553 0.97561 0.99939 0.980048 0.97561 
0.9182112 0.8756098 0.9968902 0.896385 0.8756098 
0.984553 0.97561 0.99939 0.980048 0.97561 
0.9182112 0.8756098 0.9968902 0.8963778 0.8756098 
0.984553 0.97561 0.99939 0.980048 0.97561 
0.9141462 0.8707318 0.9967682 0.8918872 0.8707318 
0.984553 0.97561 0.99939 0.980048 0.97561 
0.9149592 0.8707318 0.9967682 0.8922742 0.8707318 
0.984553 0.97561 0.99939 0.980048 0.97561 
0.9182112 0.8731708 0.9968292 0.895093 0.8731708 
0.984553 0.97561 0.99939 0.980048 0.97561 
0.9149592 0.8707318 0.9967682 0.8922596 0.8707318 
0.984553 0.97561 0.99939 0.980048 0.97561 
0.9149592 0.8707318 0.9967682 0.8922596 0.8707318 
0.984553 0.97561 0.99939 0.980048 0.97561 
