0.8760165 0.7439025 0.9935975 0.804042 0.7439025 
0.8760165 0.7439025 0.9935975 0.804042 0.7439025 
0.826558 0.642276333333 0.991057 0.722793333333 0.642276333333 
0.850948666667 0.756097333333 0.993902666667 0.800561666667 0.756097333333 
0.86890275 0.7743905 0.9943595 0.81877425 0.7743905 
0.929878 0.8719515 0.9967985 0.8999505 0.8719515 
0.8597562 0.7414636 0.9935364 0.795809 0.7414636 
0.9349594 0.8731708 0.9968292 0.9028806 0.8731708 
0.8851625 0.788618 0.994715333333 0.833947 0.788618 
0.952574666667 0.910569333333 0.997764 0.930990166667 0.910569333333 
0.876306714286 0.787456428571 0.994686428571 0.829313571429 0.787456428571 
0.962543714286 0.926829285714 0.998170714286 0.944092714286 0.926829285714 
0.8612805 0.768292625 0.994207375 0.811743625 0.768292625 
0.977134375 0.954268375 0.998856625 0.96549875 0.954268375 
0.896115666667 0.810298222222 0.995257333333 0.850903666667 0.810298222222 
0.979675 0.962059777778 0.999051333333 0.970741333333 0.962059777778 
0.8914634 0.8097562 0.9952438 0.8484454 0.8097562 
0.9853659 0.9731709 0.9993291 0.9791973 0.9731709 
