0.873984 0.768293 0.994207 0.8177365 0.768293 
0.873984 0.768293 0.994207 0.8177365 0.768293 
0.821138333333 0.642276666667 0.991056666667 0.720574333333 0.642276666667 
0.859078666667 0.764227666667 0.994105666667 0.80884 0.764227666667 
0.85416675 0.737805 0.993445 0.79167425 0.737805 
0.91158525 0.85975625 0.99649375 0.884874 0.85975625 
0.8662604 0.7512196 0.9937804 0.8040666 0.7512196 
0.9406506 0.887805 0.997195 0.9133496 0.887805 
0.898848 0.796747833333 0.994918833333 0.844577 0.796747833333 
0.949187166667 0.910569333333 0.997764 0.929346333333 0.910569333333 
0.873693428571 0.783972285714 0.994599142857 0.826136714286 0.783972285714 
0.962543714286 0.923345142857 0.998083428571 0.942317857143 0.923345142857 
0.8805895 0.783536625 0.994588375 0.82892775 0.783536625 
0.975609875 0.9542685 0.9988565 0.964769125 0.9542685 
0.892050666667 0.807587888889 0.995189888889 0.847555777778 0.807587888889 
0.979675 0.962059888889 0.999051222222 0.970768111111 0.962059888889 
0.900813 0.8195123 0.9954877 0.8580544 0.8195123 
0.9865854 0.9756099 0.9993901 0.9810304 0.9756099 
