0.5214634 0.117073 0.977927 0.1832554 0.117073 
0.494309 0.14146354 0.9785364 0.2154382 0.14146354 
0.6292682 0.3853658 0.9846342 0.4774884 0.3853658 
0.5853658 0.3463414 0.9836586 0.4340848 0.3463414 
0.7349594 0.5560978 0.9889022 0.6325376 0.5560978 
0.7691056 0.6341464 0.9908536 0.6943472 0.6341464 
0.7495936 0.6 0.99 0.6661936 0.6 
0.8382112 0.7121952 0.9928048 0.7698912 0.7121952 
0.7552844 0.580488 0.989512 0.656075 0.580488 
0.8723578 0.7707318 0.9942682 0.818182 0.7707318 
0.8138212 0.6829266 0.9920734 0.7424766 0.6829266 
0.9 0.814634 0.995366 0.8551602 0.814634 
0.8256096 0.6926832 0.9923168 0.7527356 0.6926832 
0.918699 0.8536586 0.9963414 0.884938 0.8536586 
0.801626 0.6731706 0.9918294 0.7314036 0.6731706 
0.907317 0.8487808 0.9962192 0.8770512 0.8487808 
0.8227642 0.6975612 0.9924388 0.754534 0.6975612 
0.9170732 0.8487806 0.9962194 0.8815696 0.8487806 
0.8243902 0.7073174 0.9926826 0.7611332 0.7073174 
0.92439 0.8634148 0.9965852 0.8928488 0.8634148 
0.8512196 0.7512196 0.9937804 0.7978414 0.7512196 
0.9333334 0.8731708 0.9968292 0.902214 0.8731708 
0.8658536 0.7658538 0.9941462 0.8124334 0.7658538 
0.9357724 0.8780488 0.9969512 0.905951 0.8780488 
0.8605692 0.765854 0.994146 0.8101636 0.765854 
0.9357724 0.8780488 0.9969512 0.9059626 0.8780488 
0.8707316 0.77561 0.99439 0.8201396 0.77561 
0.9382114 0.882927 0.997073 0.9096992 0.882927 
0.8878048 0.790244 0.994756 0.8357776 0.790244 
0.9398374 0.882927 0.997073 0.910455 0.882927 
0.8869918 0.780488 0.994512 0.8298998 0.780488 
0.9447154 0.887805 0.997195 0.9153388 0.887805 
0.8939024 0.790244 0.994756 0.8384548 0.790244 
0.9430894 0.892683 0.997317 0.9171634 0.892683 
0.8869918 0.7756098 0.9943902 0.827252 0.7756098 
0.9406504 0.887805 0.997195 0.9134264 0.887805 
0.8861788 0.7756098 0.9943902 0.8269232 0.7756098 
0.9430894 0.8926832 0.9973168 0.9171248 0.8926832 
0.8723578 0.7560976 0.9939024 0.8097814 0.7560976 
0.9471544 0.8926832 0.9973168 0.918998 0.8926832 
0.8796748 0.7658536 0.9941464 0.8185712 0.7658536 
0.9495934 0.8926832 0.9973168 0.920015 0.8926832 
0.8752032 0.7609754 0.9940246 0.8138392 0.7609754 
0.9479674 0.8975612 0.9974388 0.9218672 0.8975612 
0.8841464 0.7756096 0.9943904 0.8260386 0.7756096 
0.9439024 0.8975612 0.9974388 0.9200244 0.8975612 
0.8764226 0.7658536 0.9941464 0.817155 0.7658536 
0.9495934 0.8926832 0.9973168 0.920015 0.8926832 
0.8772358 0.7658534 0.9941466 0.817468 0.7658534 
0.9479674 0.8975612 0.9974388 0.9218672 0.8975612 
0.8756098 0.7658536 0.9941464 0.8168344 0.7658536 
0.9504064 0.9024394 0.9975606 0.925655 0.9024394 
0.8747968 0.7609754 0.9940246 0.8136698 0.7609754 
0.9520324 0.8975614 0.9974386 0.9238028 0.8975614 
0.8707316 0.7609754 0.9940246 0.811951 0.7609754 
0.9544714 0.9024394 0.9975606 0.9275692 0.9024394 
0.8752032 0.7658538 0.9941462 0.8166008 0.7658538 
0.9504064 0.9024394 0.9975606 0.9256178 0.9024394 
0.8768292 0.7609756 0.9940244 0.8145042 0.7609756 
0.9504064 0.9024394 0.9975606 0.9256178 0.9024394 
0.8776422 0.7560976 0.9939024 0.812159 0.7560976 
0.9528454 0.9073174 0.9976826 0.9293726 0.9073174 
0.8829268 0.7707316 0.9942684 0.8227556 0.7707316 
0.9487804 0.9073172 0.9976828 0.927538 0.9073172 
0.8869918 0.7707316 0.9942684 0.8243726 0.7707316 
0.9528454 0.9073172 0.9976828 0.9294406 0.9073172 
0.8845528 0.7707316 0.9942684 0.823475 0.7707316 
0.9528454 0.9073172 0.9976828 0.9294406 0.9073172 
0.8833332 0.7658536 0.9941464 0.8200532 0.7658536 
0.9528454 0.9073172 0.9976828 0.9294406 0.9073172 
0.8857722 0.7658536 0.9941464 0.8210548 0.7658536 
0.9504064 0.9024392 0.9975608 0.9256742 0.9024392 
0.8853658 0.7658536 0.9941464 0.820889 0.7658536 
0.9463414 0.9024392 0.9975608 0.923801 0.9024392 
0.8756096 0.7560976 0.9939024 0.8111448 0.7560976 
0.9463414 0.9024392 0.9975608 0.923801 0.9024392 
0.8910568 0.7804878 0.9945122 0.8318372 0.7804878 
0.9463414 0.9073174 0.9976826 0.9263526 0.9073174 
0.8829268 0.7707316 0.9942684 0.8228578 0.7707316 
0.9463414 0.9073172 0.9976828 0.9263912 0.9073172 
0.8796748 0.7658536 0.9941464 0.818635 0.7658536 
0.9487804 0.9073172 0.9976828 0.927538 0.9073172 
0.8796748 0.7658536 0.9941464 0.818635 0.7658536 
0.9487804 0.9073172 0.9976828 0.927538 0.9073172 
0.8873982 0.7707318 0.9942682 0.8246928 0.7707318 
0.9487804 0.9073172 0.9976828 0.927538 0.9073172 
0.8914632 0.7804878 0.9945122 0.8320566 0.7804878 
0.9463414 0.9024392 0.9975608 0.923801 0.9024392 
0.8922762 0.7804878 0.9945122 0.8323856 0.7804878 
0.9536586 0.9170734 0.9979266 0.9349696 0.9170734 
0.8914632 0.7756098 0.9943902 0.8292824 0.7756098 
0.9560976 0.9170734 0.9979266 0.9361164 0.9170734 
0.8914632 0.7756098 0.9943902 0.8292824 0.7756098 
0.9585366 0.9219514 0.9980486 0.939834 0.9219514 
0.8873982 0.7756098 0.9943902 0.8276198 0.7756098 
0.9585366 0.9219514 0.9980486 0.939834 0.9219514 
0.8906504 0.7804878 0.9945122 0.8316848 0.7804878 
0.9585366 0.9219514 0.9980486 0.939834 0.9219514 
0.8914634 0.7804878 0.9945122 0.8320138 0.7804878 
0.9585366 0.9219514 0.9980486 0.939834 0.9219514 
