0.381748 0.1512196 0.9787804 0.2153766 0.1512196 
0.2347968 0.12195128 0.9780486 0.1592204 0.12195128 
0.4987804 0.3829268 0.9845732 0.4324426 0.3829268 
0.5234146 0.4292684 0.9857316 0.4712516 0.4292684 
0.6818 0.5658536 0.9891464 0.6182168 0.5658536 
0.7466668 0.6780488 0.9919512 0.7104934 0.6780488 
0.711951 0.597561 0.989939 0.6497016 0.597561 
0.8396748 0.7780488 0.9944512 0.8075698 0.7780488 
0.7770846 0.6536586 0.9913414 0.7100294 0.6536586 
0.886179 0.856098 0.996402 0.870855 0.856098 
0.775366 0.6804878 0.9920122 0.7247794 0.6804878 
0.9052032 0.882927 0.997073 0.8939062 0.882927 
0.784402 0.7073172 0.9926828 0.74384 0.7073172 
0.948374 0.9243904 0.9981096 0.93622 0.9243904 
0.7879676 0.712195 0.992805 0.7481328 0.712195 
0.9507318 0.9268296 0.9981704 0.9385972 0.9268296 
0.831138 0.7512196 0.9937804 0.7889998 0.7512196 
0.9634148 0.9487806 0.9987194 0.9560346 0.9487806 
0.8631706 0.790244 0.994756 0.8250406 0.790244 
0.9674798 0.9536586 0.9988414 0.9605106 0.9536586 
0.8517886 0.795122 0.994878 0.8223558 0.795122 
0.9723578 0.9609756 0.9990244 0.9666198 0.9609756 
0.8635774 0.8146342 0.9953658 0.838317 0.8146342 
0.9747968 0.9634146 0.9990854 0.9690552 0.9634146 
0.8629268 0.8097562 0.9952438 0.8354448 0.8097562 
0.976423 0.9658538 0.9991462 0.971103 0.9658538 
0.8824392 0.8243902 0.9956098 0.8523986 0.8243902 
0.981301 0.973171 0.999329 0.9772136 0.973171 
0.8865042 0.8268292 0.9956708 0.8555486 0.8268292 
0.978049 0.968293 0.999207 0.9731434 0.968293 
0.8827644 0.8317072 0.9957928 0.8563754 0.8317072 
0.980488 0.970732 0.999268 0.9755826 0.970732 
0.890569 0.8341462 0.9958538 0.861376 0.8341462 
0.980488 0.970732 0.999268 0.9755844 0.970732 
0.9003254 0.8414634 0.9960366 0.8698336 0.8414634 
0.980488 0.970732 0.999268 0.9755844 0.970732 
0.8995124 0.8512196 0.9962804 0.8746416 0.8512196 
0.981301 0.973171 0.999329 0.9772154 0.973171 
0.9017888 0.8512192 0.9962808 0.8757098 0.8512192 
0.982114 0.973171 0.999329 0.9776194 0.973171 
0.9047154 0.8487802 0.9962198 0.875781 0.8487802 
0.98374 0.97561 0.99939 0.9796562 0.97561 
0.9120326 0.8585366 0.9964634 0.884428 0.8585366 
0.985366 0.978049 0.999451 0.9816896 0.978049 
0.9149594 0.8634146 0.9965854 0.8883704 0.8634146 
0.98374 0.97561 0.99939 0.9796562 0.97561 
0.9120326 0.8585364 0.9964636 0.8843904 0.8585364 
0.985366 0.978049 0.999451 0.9816912 0.978049 
0.9169106 0.8658536 0.9966464 0.8905828 0.8658536 
0.986992 0.980488 0.999512 0.9837246 0.980488 
0.911626 0.8585366 0.9964634 0.884213 0.8585366 
0.985366 0.978049 0.999451 0.9816896 0.978049 
0.918943 0.8658536 0.9966464 0.8915382 0.8658536 
0.98374 0.97561 0.99939 0.9796562 0.97561 
0.913252 0.8634146 0.9965854 0.8875672 0.8634146 
0.98374 0.97561 0.99939 0.9796562 0.97561 
0.9169106 0.8658536 0.9966464 0.8905798 0.8658536 
0.986992 0.980488 0.999512 0.9837262 0.980488 
0.9136586 0.8634144 0.9965856 0.8877504 0.8634144 
0.986992 0.980488 0.999512 0.9837262 0.980488 
0.9152846 0.8634146 0.9965854 0.8885272 0.8634146 
0.985366 0.978049 0.999451 0.9816894 0.978049 
0.9177236 0.8634148 0.9965852 0.8896828 0.8634148 
0.986992 0.980488 0.999512 0.9837228 0.980488 
0.9185364 0.8682928 0.9967072 0.8926626 0.8682928 
0.986992 0.980488 0.999512 0.9837228 0.980488 
0.9193496 0.8707318 0.9967682 0.8943114 0.8707318 
0.985366 0.978049 0.999451 0.9816878 0.978049 
0.9196748 0.8682926 0.9967074 0.8931774 0.8682926 
0.985366 0.978049 0.999451 0.9816878 0.978049 
0.9196748 0.8707316 0.9967684 0.8944666 0.8707316 
0.986992 0.980488 0.999512 0.9837246 0.980488 
0.9169106 0.8682926 0.9967074 0.891875 0.8682926 
0.985366 0.978049 0.999451 0.9816878 0.978049 
0.9144716 0.8682926 0.9967074 0.890733 0.8682926 
0.986992 0.980488 0.999512 0.9837246 0.980488 
0.9095936 0.8609756 0.9965244 0.8845662 0.8609756 
0.985366 0.978049 0.999451 0.9816878 0.978049 
0.9144716 0.8682928 0.9967072 0.890739 0.8682928 
0.985366 0.978049 0.999451 0.9816878 0.978049 
0.9152844 0.8682928 0.9967072 0.8911336 0.8682928 
0.985366 0.978049 0.999451 0.9816878 0.978049 
0.9087804 0.8560972 0.9964028 0.881599 0.8560972 
0.985366 0.978049 0.999451 0.9816878 0.978049 
0.9112194 0.8609756 0.9965244 0.885332 0.8609756 
0.985366 0.978049 0.999451 0.9816878 0.978049 
0.9128454 0.8634148 0.9965852 0.8873962 0.8634148 
0.985366 0.978049 0.999451 0.9816878 0.978049 
0.9120324 0.8609756 0.9965244 0.8857136 0.8609756 
0.985366 0.978049 0.999451 0.9816878 0.978049 
0.9112194 0.8585364 0.9964636 0.884047 0.8585364 
0.985366 0.978049 0.999451 0.9816878 0.978049 
0.9079674 0.8536584 0.9963416 0.879933 0.8536584 
0.985366 0.978049 0.999451 0.9816878 0.978049 
0.9030894 0.8512192 0.9962808 0.8763422 0.8512192 
0.985366 0.978049 0.999451 0.9816878 0.978049 
0.9022764 0.8487802 0.9962198 0.8746794 0.8487802 
0.986992 0.980488 0.999512 0.9837246 0.980488 
0.9071544 0.8560974 0.9964026 0.8808394 0.8560974 
0.985366 0.978049 0.999451 0.9816878 0.978049 
