0.5482928 0.1121951 0.977805 0.18379462 0.1121951 
0.4546342 0.12682934 0.9781706 0.1958574 0.12682934 
0.6544714 0.3902438 0.9847562 0.4870326 0.3902438 
0.599187 0.3560976 0.9839024 0.4458334 0.3560976 
0.685366 0.521951 0.988049 0.5923024 0.521951 
0.7691058 0.6292684 0.9907316 0.6912632 0.6292684 
0.7735772 0.604878 0.990122 0.6783738 0.604878 
0.8495934 0.7365854 0.9934146 0.788959 0.7365854 
0.771138 0.590244 0.989756 0.6681432 0.590244 
0.8837398 0.7853658 0.9946342 0.8314192 0.7853658 
0.7764228 0.6341466 0.9908534 0.6980496 0.6341466 
0.892683 0.8 0.995 0.8437162 0.8 
0.8325204 0.6731708 0.9918292 0.7441014 0.6731708 
0.907317 0.8487806 0.9962194 0.876956 0.8487806 
0.8048782 0.6585364 0.9914636 0.7237302 0.6585364 
0.909756 0.8536586 0.9963414 0.8807302 0.8536586 
0.8227644 0.702439 0.992561 0.7576076 0.702439 
0.9243904 0.8682928 0.9967072 0.8954342 0.8682928 
0.8227644 0.6926832 0.9923168 0.7516236 0.6926832 
0.9341462 0.873171 0.996829 0.90261 0.873171 
0.8430892 0.7170732 0.9929268 0.7747528 0.7170732 
0.9317074 0.8731708 0.9968292 0.9014582 0.8731708 
0.8512192 0.7365854 0.9934146 0.789379 0.7365854 
0.9365854 0.882927 0.997073 0.9089526 0.882927 
0.8349594 0.7365854 0.9934146 0.7824612 0.7365854 
0.9390246 0.887805 0.997195 0.9126872 0.887805 
0.8479676 0.7414636 0.9935364 0.7909738 0.7414636 
0.9439026 0.897561 0.997439 0.9201196 0.897561 
0.8670732 0.7560976 0.9939024 0.8075642 0.7560976 
0.9390244 0.892683 0.997317 0.9152382 0.892683 
0.8752032 0.7658536 0.9941464 0.8165554 0.7658536 
0.9414634 0.892683 0.997317 0.9164058 0.892683 
0.8800814 0.765854 0.994146 0.8186152 0.765854 
0.9365854 0.887805 0.997195 0.911522 0.887805 
0.8865854 0.77561 0.99439 0.8271276 0.77561 
0.9382114 0.887805 0.997195 0.9122894 0.887805 
0.8857724 0.7756098 0.9943902 0.8267144 0.7756098 
0.9406504 0.8926832 0.9973168 0.915978 0.8926832 
0.8861788 0.7804878 0.9945122 0.8295686 0.7804878 
0.9382114 0.8878052 0.9971948 0.912241 0.8878052 
0.8756098 0.7609756 0.9940244 0.8139452 0.7609756 
0.9471544 0.8975612 0.9974388 0.9216176 0.8975612 
0.8666666 0.7512196 0.9937804 0.8045038 0.7512196 
0.9528454 0.9121954 0.9978046 0.931937 0.9121954 
0.8715448 0.7560976 0.9939024 0.8094154 0.7560976 
0.9439024 0.9024394 0.9975606 0.922635 0.9024394 
0.8642274 0.7463416 0.9936584 0.8005416 0.7463416 
0.9463414 0.9073174 0.9976826 0.9263526 0.9073174 
0.8691056 0.7560976 0.9939024 0.8083514 0.7560976 
0.9414634 0.8975612 0.9974388 0.9189366 0.8975612 
0.871951 0.7609756 0.9940244 0.8120764 0.7609756 
0.9414634 0.8975612 0.9974388 0.9188776 0.8975612 
0.8768292 0.7658536 0.9941464 0.8172246 0.7658536 
0.9439024 0.9024392 0.9975608 0.9225594 0.9024392 
0.8796746 0.7756098 0.9943902 0.8240414 0.7756098 
0.9414634 0.8975612 0.9974388 0.9188582 0.8975612 
0.8756096 0.7756098 0.9943902 0.8223048 0.7756098 
0.9390244 0.8926832 0.9973168 0.9151406 0.8926832 
0.8768292 0.7658538 0.9941462 0.817255 0.7658538 
0.9390244 0.8926832 0.9973168 0.9151406 0.8926832 
0.8825202 0.7756098 0.9943902 0.8249602 0.7756098 
0.9439024 0.9024394 0.9975606 0.922635 0.9024394 
0.8882112 0.7804878 0.9945122 0.8301206 0.7804878 
0.9439024 0.9024394 0.9975606 0.922635 0.9024394 
0.8857722 0.7756098 0.9943902 0.8263224 0.7756098 
0.9463414 0.9073174 0.9976826 0.9263526 0.9073174 
0.8817072 0.7756098 0.9943902 0.8247852 0.7756098 
0.9439024 0.9024394 0.9975606 0.9226156 0.9024394 
0.8784552 0.7658538 0.9941462 0.8177712 0.7658538 
0.9439024 0.9024394 0.9975606 0.9226156 0.9024394 
0.8857722 0.7756098 0.9943902 0.8263804 0.7756098 
0.9414634 0.8975612 0.9974388 0.9188582 0.8975612 
0.8882112 0.7804878 0.9945122 0.830264 0.7804878 
0.9390244 0.892683 0.997317 0.9151008 0.892683 
0.8979674 0.790244 0.994756 0.8397588 0.790244 
0.9382114 0.887805 0.997195 0.9120512 0.887805 
0.8979674 0.790244 0.994756 0.8397588 0.790244 
0.9406504 0.8926832 0.9973168 0.9158086 0.8926832 
0.8979674 0.790244 0.994756 0.8398872 0.790244 
0.9414634 0.8975612 0.9974388 0.9188582 0.8975612 
0.8914632 0.7853658 0.9946342 0.8344538 0.7853658 
0.9414634 0.8975612 0.9974388 0.9188582 0.8975612 
0.8825202 0.7756098 0.9943902 0.8250868 0.7756098 
0.9414634 0.8975612 0.9974388 0.9188582 0.8975612 
0.8890242 0.785366 0.994634 0.8333188 0.785366 
0.9439024 0.9024394 0.9975606 0.9226156 0.9024394 
0.8890242 0.7853658 0.9946342 0.8334148 0.7853658 
0.9414634 0.8975612 0.9974388 0.9188582 0.8975612 
0.8939022 0.785366 0.994634 0.8356256 0.785366 
0.9414634 0.8975612 0.9974388 0.9188582 0.8975612 
0.8865852 0.7804878 0.9945122 0.8296778 0.7804878 
0.9439024 0.9024394 0.9975606 0.9226156 0.9024394 
0.8817072 0.7707318 0.9942682 0.8219046 0.7707318 
0.9414634 0.8975612 0.9974388 0.9188582 0.8975612 
0.8817072 0.7707318 0.9942682 0.822008 0.7707318 
0.9414634 0.8975612 0.9974388 0.9188582 0.8975612 
0.8841462 0.7707318 0.9942682 0.8230834 0.7707318 
0.9414634 0.8975612 0.9974388 0.9188582 0.8975612 
0.8890242 0.77561 0.99439 0.8279922 0.77561 
0.9439024 0.9024394 0.9975606 0.9226156 0.9024394 
