0.816057 0.609756 0.990244 0.6979815 0.609756 
0.816057 0.609756 0.990244 0.6979815 0.609756 
0.710298 0.439024333333 0.985975666667 0.540216 0.439024333333 
0.742547333333 0.544715333333 0.988618 0.626246333333 0.544715333333 
0.77134125 0.58536575 0.98963425 0.66512875 0.58536575 
0.832317 0.72560975 0.99314025 0.77522925 0.72560975 
0.7333336 0.6 0.99 0.6596338 0.6 
0.8536584 0.7512194 0.9937806 0.798785 0.7512194 
0.815718166667 0.6463415 0.9911585 0.72076 0.6463415 
0.908197833333 0.8292685 0.9957315 0.866915 0.8292685 
0.796748 0.648083714286 0.991202 0.71447 0.648083714286 
0.886179 0.790940857143 0.994773428571 0.835781571429 0.790940857143 
0.805894375 0.65853675 0.99146325 0.72452425 0.65853675 
0.916920875 0.83841475 0.99596025 0.875768125 0.83841475 
0.832520333333 0.682926777778 0.992073222222 0.749485777778 0.682926777778 
0.921860888889 0.856368666667 0.996409111111 0.887709333333 0.856368666667 
0.8264228 0.6707317 0.9917683 0.739823 0.6707317 
0.9211381 0.8658538 0.9966462 0.892519 0.8658538 
