0.8455285 0.682927 0.992073 0.754912 0.682927 
0.8455285 0.682927 0.992073 0.754912 0.682927 
0.765582666667 0.569105666667 0.989227666667 0.652602333333 0.569105666667 
0.833333333333 0.723577333333 0.993089333333 0.774217333333 0.723577333333 
0.85772375 0.737805 0.993445 0.7932305 0.737805 
0.938008 0.8841465 0.9971035 0.9102265 0.8841465 
0.8349594 0.7170734 0.9929266 0.770314 0.7170734 
0.9390244 0.8731708 0.9968292 0.9046454 0.8731708 
0.856029666667 0.752032666667 0.993800666667 0.800555 0.752032666667 
0.953252166667 0.914634333333 0.997865666667 0.933403333333 0.914634333333 
0.857142857143 0.763066285714 0.994076571429 0.807296714286 0.763066285714 
0.962253285714 0.926829428571 0.998170571429 0.944096142857 0.926829428571 
0.858739875 0.771341625 0.994283375 0.81248775 0.771341625 
0.968496125 0.93597575 0.99839925 0.951857125 0.93597575 
0.867660222222 0.764227777778 0.994105555556 0.812405777778 0.764227777778 
0.97832 0.959349888889 0.998983444444 0.968713777778 0.959349888889 
0.899187 0.8073172 0.9951828 0.8504624 0.8073172 
0.9804879 0.9634149 0.9990851 0.9718493 0.9634149 
